99,
82,82,79,75,73,34,
98,83,72,65,55,48,
99,
95,77,69,24,
99,94,93,73,71,46,
81,81,76,61,56,36,
98,94,90,51,46,
77,71,60,
77,69,64,54,54,51,
96,94,93,86,82,46,38,27,
86,76,73,
99,99,93,92,89,87,75,67,56,49,
94,89,46,43,
72,71,71,52,
91,90,52,46,22,
98,95,77,49,
96,90,86,84,79,79,78,65,
95,93,88,83,58,57,34,
97,95,83,70,
91,75,71,57,33,32,
97,74,66,53,51,29,
81,58,54,47,36,12,
98,86,58,23,
88,86,85,68,55,44,29,
98,68,67,
83,76,76,50,50,11,
70,69,36,
94,59,21,19,
99,96,24,
99,94,67,63,35,
89,41,40,
83,80,79,73,41,
93,91,85,46,20,
94,91,88,87,76,43,
99,83,78,65,56,51,
69,64,26,
90,39,20,
96,65,62,44,
90,87,54,48,25,
94,93,86,43,31,
98,72,70,67,54,42,30,29,20,
69,60,52,27,
99,91,81,64,54,49,
92,91,69,34,
99,69,46,26,14,

91,84,81,
30,29,26,25,
90,80,70,68,57,
85,80,

98,81,78,69,66,63,62,51,
37,35,
92,71,59,58,46,
87,83,75,74,49,
85,71,62,54,
91,89,87,56,
99,89,88,33,
81,73,55,
71,30,18,
99,93,89,88,74,72,66,51,
95,94,93,82,72,66,61,55,25,
75,75,73,69,62,59,59,
61,59,55,50,32,
92,82,55,50,44,27,18,
99,98,90,89,88,88,25,19,
91,90,49,
92,91,88,81,69,
98,95,92,92,76,32,
85,80,74,69,56,51,43,39,
81,50,49,
73,70,54,28,
77,69,61,50,

91,73,51,47,
88,78,62,38,
97,78,66,
90,87,83,81,65,65,59,45,13,
99,99,81,76,65,61,58,39,
96,46,
95,93,80,79,79,56,54,13,
91,57,50,49,17,
93,86,51,46,42,
78,78,75,56,
99,72,65,60,44,38,20,19,
84,79,77,75,67,60,18,
87,57,54,
77,68,48,
84,35,
84,62,61,40,
45,35,
98,93,88,51,42,
95,86,79,66,53,48,28,26,24,
94,81,81,64,63,45,43,27,
97,86,69,67,61,27,
98,51,40,24,
96,94,89,83,76,49,29,
87,52,49,34,
99,91,86,66,34,23,
93,92,92,92,48,
94,85,81,79,73,71,64,58,51,41,
98,94,90,85,81,68,62,36,
56,48,47,36,
83,61,48,47,45,
71,58,49,
78,61,36,
93,90,90,88,86,36,31,14,
72,
99,94,58,55,
58,51,45,30,
65,
94,90,87,85,74,62,43,
95,92,92,91,75,44,26,22,
96,94,92,85,84,70,55,44,
56,
95,84,81,77,53,
92,90,90,70,
99,77,57,31,
62,
92,60,41,
97,86,
36,
99,97,89,89,86,55,42,33,33,
83,83,76,73,72,66,11,
93,89,67,55,41,17,
93,87,82,71,54,41,30,
88,77,72,32,
88,81,68,
82,82,77,66,47,28,
93,84,21,
69,55,41,12,
79,60,31,12,
98,92,91,86,59,
54,48,42,
92,88,69,
97,95,86,85,82,70,70,61,54,27,11,
84,80,75,75,59,48,
91,91,86,60,
89,87,85,50,
81,54,
57,57,
95,88,72,
84,68,33,
93,91,85,70,
79,68,68,64,58,52,48,
99,86,83,70,66,
87,80,68,
97,82,49,49,48,
98,94,94,57,
91,79,48,47,
95,85,51,35,18,
96,92,89,86,67,50,
93,84,74,53,51,
90,81,78,57,54,37,32,
83,82,79,52,
89,78,76,74,65,49,41,
96,96,
99,92,90,83,70,70,69,55,47,
97,78,74,73,67,40,
95,90,89,71,66,58,31,
99,84,67,61,39,
95,89,89,76,65,63,53,34,29,25,
84,66,
89,86,83,82,61,57,37,
97,89,38,
89,84,75,35,
82,49,44,35,25,
87,77,76,70,66,52,37,17,
91,87,71,71,54,28,
96,93,88,74,71,45,
97,92,88,85,83,60,59,58,33,26,25,
36,17,
92,89,76,67,
64,55,54,24,
96,93,89,89,88,85,84,82,73,68,65,60,31,
94,86,69,36,16,
77,63,59,
98,98,92,85,
79,70,67,67,54,44,40,29,
74,59,
88,65,
99,84,70,
70,67,45,
84,78,77,68,64,21,13,
98,96,91,88,72,39,19,
88,56,
99,98,58,27,
88,64,63,62,60,43,34,30,
88,75,69,52,40,
97,91,91,67,64,
76,23,
93,46,33,
98,94,55,42,
91,87,78,72,
84,80,59,49,47,32,
99,95,77,70,49,40,
72,61,49,32,
97,93,89,79,79,69,57,50,
94,89,84,80,58,36,
95,66,53,
20,
97,94,84,79,63,32,
98,74,34,
79,74,74,72,58,24,
99,97,86,82,73,56,46,
94,61,49,39,37,32,16,
94,75,
90,89,64,
95,68,56,40,33,
90,53,47,43,
99,96,85,84,65,61,14,
88,83,80,46,43,
92,86,75,
16,
74,71,59,52,
59,47,
96,94,94,45,
99,94,89,83,75,62,
98,97,83,80,61,54,47,
93,90,80,70,63,46,
63,19,
96,94,74,71,69,61,41,
78,62,
99,97,80,74,63,60,29,
87,84,70,69,62,58,52,50,
37,
83,46,
49,
96,53,53,52,32,23,
76,71,66,50,44,
97,75,64,45,39,
92,85,78,63,44,25,24,
99,93,92,90,90,
77,63,45,43,35,
79,72,66,55,
94,91,88,87,85,85,72,68,67,62,62,31,29,
94,71,66,63,53,52,
80,67,52,26,
89,88,81,56,
95,31,29,
60,
88,82,61,46,
98,92,73,68,68,57,52,
86,82,82,80,76,67,45,42,
89,66,
90,69,56,10,
98,
94,94,76,68,68,32,30,
95,95,92,44,
87,86,82,37,
95,92,73,73,33,
68,29,
87,87,80,78,60,39,
96,73,65,46,
99,96,89,76,61,
90,69,34,
78,
94,66,54,43,
41,22,
85,73,66,41,40,36,33,27,23,
94,83,79,73,72,68,65,58,
32,
75,53,29,
89,54,43,37,
86,59,48,40,21,19,
93,91,89,82,81,80,73,55,46,43,
93,71,70,55,30,29,28,
70,29,
70,68,50,32,
93,80,73,68,65,51,42,21,
98,84,81,77,73,72,46,36,24,
94,86,81,67,58,57,24,
58,24,
96,82,57,28,
91,89,68,55,45,11,
78,78,75,
96,94,71,40,
97,93,92,78,69,66,65,55,45,38,
66,
87,83,82,75,68,52,28,
86,81,63,
78,64,62,60,48,40,
85,79,68,65,58,37,
53,23,
98,91,83,75,72,63,53,51,
98,97,95,93,91,91,87,73,23,
88,10,
89,43,41,28,27,
98,95,92,72,70,26,23,
88,88,
46,
94,93,75,71,64,59,22,15,
95,18,16,
84,74,70,61,20,19,
95,94,89,88,74,68,68,62,46,38,35,
98,94,93,88,82,81,54,48,43,
96,82,75,72,55,45,31,
92,87,85,67,64,58,47,
85,78,75,74,70,60,48,
96,86,84,72,70,64,
57,
82,49,38,15,
96,85,79,73,70,
88,84,77,60,54,47,31,23,
86,83,71,64,62,37,16,
78,75,72,64,35,
78,24,
95,89,70,61,59,59,49,39,
87,
94,89,72,61,55,
92,90,82,62,51,
82,79,76,70,69,68,64,53,
97,94,82,81,65,45,25,
97,94,90,82,80,60,26,
98,76,61,48,
98,89,41,30,
97,45,36,
72,69,63,57,34,33,
82,75,73,73,
98,68,65,54,44,32,
97,94,78,76,76,75,51,41,
98,94,94,92,77,
95,81,17,16,
97,96,95,77,43,
86,71,66,63,52,
96,88,39,26,
94,68,55,
99,65,
95,89,89,87,75,68,66,65,52,29,
88,83,69,37,
89,81,76,55,42,
98,94,88,86,85,85,70,67,62,46,
91,73,61,56,
79,76,76,50,36,12,
97,92,85,74,72,62,43,
76,68,
77,52,49,39,32,
88,48,
98,96,70,42,38,
89,82,78,74,55,52,
98,84,57,43,
93,82,82,78,76,74,42,37,34,
80,44,42,
90,84,49,47,21,
98,89,87,75,35,12,
95,92,91,88,59,
99,96,84,80,32,
94,88,69,65,57,55,39,37,25,
88,87,86,82,76,65,39,
98,97,93,82,82,72,71,62,55,47,
69,67,59,17,15,
60,47,
98,84,81,80,45,
65,
77,50,32,
98,60,38,28,15,
90,90,85,65,40,25,
99,86,78,76,76,71,23,
71,61,56,
83,83,83,78,76,70,60,54,35,28,
80,50,42,40,40,19,
98,96,96,85,59,56,40,32,32,31,
99,96,77,25,
83,77,38,25,12,
97,84,80,62,
98,94,82,80,74,68,27,26,
96,79,65,62,45,35,26,
95,76,74,71,55,
98,98,96,85,84,83,62,53,
94,83,79,78,64,43,
84,75,75,71,65,64,63,56,49,48,40,
89,84,66,59,24,
93,87,83,79,43,
96,86,76,74,53,47,27,
97,96,93,78,71,
96,87,57,53,52,40,
81,81,76,71,

53,52,33,30,25,23,
80,39,36,24,
72,53,42,33,16,
98,97,53,
51,49,20,12,
93,87,71,70,52,50,
97,96,88,84,73,72,22,
91,67,65,53,
80,79,58,
96,95,95,93,60,
58,44,41,
96,96,86,76,58,54,49,35,29,
69,51,34,30,
99,89,59,51,
98,88,83,59,44,31,
57,33,30,
97,91,85,82,75,55,
97,
92,67,48,
92,87,85,82,75,53,53,51,
74,60,53,
74,50,36,34,31,10,
81,77,70,17,16,
97,96,72,
82,54,43,39,28,
99,90,77,77,58,43,23,
83,79,55,49,49,
83,70,66,56,54,51,50,13,
91,76,68,30,
99,90,79,72,
81,76,58,46,13,
88,58,51,33,27,
97,84,78,58,55,
92,84,77,43,27,23,
94,75,73,31,29,
99,97,90,82,81,71,53,44,19,
64,54,30,
81,66,
98,86,44,
95,92,87,84,77,
95,93,92,86,
95,88,85,20,
95,66,63,55,37,34,28,
83,75,72,35,
66,59,44,
89,89,86,86,
64,
84,
92,62,59,
86,47,28,21,
79,61,53,34,
89,87,86,74,24,22,19,
92,72,69,56,52,25,
83,75,
99,77,77,76,55,43,37,36,35,
81,62,
99,50,
84,79,73,61,48,43,
97,66,63,58,41,36,21,
92,91,74,74,56,47,
99,88,59,57,50,28,11,
96,94,87,79,15,
85,74,56,44,27,17,
73,62,60,
85,78,71,62,58,44,25,
97,85,65,
99,98,97,84,68,31,17,11,
93,79,74,52,
97,89,84,75,49,
95,87,80,74,34,
80,73,62,50,38,36,32,
84,56,44,40,37,37,
91,86,85,59,57,11,
99,98,94,86,82,81,51,21,
83,77,76,73,72,
91,48,41,25,18,
56,55,
89,76,60,
95,95,93,84,66,62,
73,64,
73,65,50,24,
56,54,44,
97,96,87,86,85,74,22,15,
94,79,77,60,
96,83,55,
87,82,39,
82,47,34,
95,83,81,
62,62,54,51,45,27,
88,56,32,18,
98,90,87,86,76,70,59,44,42,
97,85,
89,80,17,
90,84,77,73,72,59,58,44,
98,91,90,88,83,60,58,
72,64,46,
83,68,62,21,
84,68,59,44,
52,29,26,
97,79,78,77,72,63,
97,97,95,84,81,80,79,69,48,42,35,19,
98,95,85,82,73,58,
74,42,39,
99,91,69,60,55,41,15,
87,77,71,71,67,54,42,
91,80,74,53,47,45,43,
97,79,78,69,62,49,
89,86,80,65,58,53,29,
67,42,38,
65,43,
83,79,77,74,57,49,45,31,
95,94,87,50,44,43,36,
97,93,86,26,21,11,
90,81,65,61,22,
96,96,90,80,58,31,
74,33,
82,73,73,72,72,62,51,
83,
89,88,29,
82,75,75,69,37,22,12,
76,71,
91,91,85,81,67,
96,53,42,28,
85,74,67,62,57,
96,49,41,
99,92,88,81,80,77,41,26,17,
72,57,57,47,42,42,28,19,
96,65,
94,93,93,62,
99,95,94,87,85,68,63,55,51,33,26,
98,87,65,56,
96,93,66,64,
96,94,77,21,
99,88,87,87,79,68,50,44,44,34,
99,68,19,
95,42,32,
92,80,50,
77,69,63,57,20,
78,78,68,37,37,
92,89,84,83,75,68,56,52,51,48,
94,93,81,66,51,51,46,
74,65,63,40,39,26,
92,90,50,47,39,37,30,
94,94,91,73,60,53,20,
91,78,66,66,61,57,43,
95,
93,78,73,51,45,
99,97,95,86,73,73,20,
91,79,77,73,61,59,
96,85,68,67,32,
87,82,81,76,33,
92,87,60,60,25,
93,75,65,63,22,
85,74,70,60,
92,71,67,
83,65,
91,47,
36,12,
94,68,58,50,43,30,
98,75,65,47,45,38,36,
96,83,80,
83,82,63,44,37,36,
95,88,80,58,50,46,10,
97,81,
94,82,63,25,14,
97,33,19,
98,97,88,66,62,
84,75,69,
94,88,85,74,67,65,59,16,
97,93,71,60,53,39,
99,95,93,93,60,35,
97,90,89,77,30,
98,82,79,77,77,52,48,
77,68,67,60,39,26,17,
96,75,61,56,
96,88,72,57,42,
92,87,81,77,73,68,65,45,
88,81,67,21,
97,91,85,
67,18,
97,92,
82,74,73,72,72,69,
93,69,67,53,34,
99,97,66,61,43,41,33,20,
96,82,58,
97,74,28,
91,87,74,32,
99,95,95,69,44,30,
92,75,75,
97,97,97,86,65,57,
86,69,66,59,13,
81,59,50,42,34,15,
81,79,76,75,61,45,39,37,10,
98,94,86,65,64,57,47,36,
96,
89,
82,75,48,
90,86,85,76,69,45,38,
77,69,55,42,
96,92,79,73,56,50,
67,64,
89,86,66,50,
85,70,67,62,40,
83,46,
66,63,57,37,
95,95,95,92,72,
90,84,72,41,28,
97,88,64,34,33,31,
87,78,74,62,
97,90,63,54,46,43,39,27,
95,85,54,
89,78,67,62,34,
99,96,
81,81,80,49,
97,94,81,67,
87,
75,55,33,
89,88,80,78,75,67,36,36,
89,89,79,47,42,
99,84,64,42,39,
95,92,91,79,77,63,45,16,
61,58,
99,96,93,81,55,49,44,35,
98,86,83,77,57,22,
91,90,84,80,25,18,
95,90,90,80,39,
96,93,82,65,60,
99,93,79,70,60,45,
83,
95,69,39,
99,72,59,48,
82,79,69,64,19,
90,63,51,
65,
91,67,46,
99,94,73,55,51,12,
76,74,69,68,63,56,52,45,24,
95,90,77,75,74,41,
76,73,13,
97,84,66,64,23,
99,80,77,57,52,44,35,29,
78,68,68,
79,67,57,
97,97,96,87,65,55,46,40,
94,89,80,
85,75,71,66,63,53,41,30,14,
67,26,
73,54,46,20,
98,90,80,80,67,56,39,38,26,22,20,
87,84,77,71,64,
87,64,42,
99,91,89,61,34,
95,93,93,89,65,31,
98,52,
67,32,30,
93,82,76,65,
95,64,64,19,
99,95,92,88,79,69,65,
88,40,
96,86,83,78,78,52,34,21,
70,24,
90,86,74,51,49,38,
96,87,82,81,59,52,51,51,
95,89,75,62,60,53,35,
82,74,74,59,41,
82,63,63,52,
96,89,85,72,56,
95,71,
77,59,47,47,35,
93,78,51,49,
75,59,59,45,
91,88,44,26,
87,76,72,61,52,
98,90,72,54,
89,73,60,54,44,38,30,24,
94,91,85,72,64,44,35,
92,90,86,79,78,50,
92,85,66,65,50,13,
96,96,89,81,79,70,
75,57,
93,58,40,
93,92,90,69,66,33,
97,86,71,64,59,40,20,
85,85,78,55,43,40,11,
93,65,59,47,37,
63,50,
83,63,57,22,
98,96,47,
66,38,
94,92,29,
99,40,
77,58,49,30,
90,83,73,72,28,14,

90,87,77,52,
94,90,82,79,72,62,54,33,27,
98,80,76,72,68,60,39,33,
99,92,48,46,20,
89,
89,87,80,68,59,51,42,31,
97,96,91,83,79,50,13,
91,82,56,36,27,
98,97,85,72,66,52,
59,22,
93,89,64,41,
91,43,
85,83,77,75,73,68,63,48,28,
58,48,
88,86,38,15,
88,66,55,
90,87,82,69,39,
33,29,
85,80,68,60,44,44,
97,91,86,66,
82,78,60,
57,41,29,
93,84,66,60,48,47,
98,91,22,
86,83,54,38,
99,97,94,70,59,35,
82,74,63,61,58,21,
81,66,63,44,22,
89,82,81,77,74,71,52,
90,
99,95,88,86,70,
80,67,66,21,
96,93,85,71,70,63,58,56,48,42,
46,27,16,
94,84,83,81,77,68,32,
96,88,83,80,68,54,23,
97,95,91,85,78,72,31,22,
90,84,84,71,58,57,49,
76,67,58,51,45,36,27,10,
92,91,75,65,
50,41,15,
93,69,47,
98,92,
98,87,78,70,64,59,48,43,37,
99,94,91,88,76,76,67,65,57,47,
95,42,18,
90,69,26,22,

96,85,81,76,56,
88,56,
80,79,78,76,32,
86,82,37,
80,59,40,37,
90,85,80,61,52,48,47,
99,89,41,31,
92,80,70,23,
68,
97,91,81,71,63,59,34,31,
89,64,49,44,
91,18,
61,61,61,
94,80,75,72,62,38,
92,80,66,61,35,
93,87,79,55,51,25,
84,
98,96,91,86,78,65,32,
95,86,46,31,
73,70,45,14,
98,95,73,71,39,
94,92,79,76,57,52,
99,92,67,63,60,57,57,38,
99,88,80,73,
98,97,88,84,53,41,
87,73,62,
98,90,80,69,69,59,
90,90,83,40,36,
79,57,52,43,29,
97,81,77,77,66,62,54,31,14,
78,77,74,67,53,47,44,
94,92,86,86,75,64,61,
83,66,37,
99,86,86,70,
98,98,93,91,89,86,77,17,
98,91,88,85,83,76,59,
87,86,70,14,
81,80,75,57,51,48,30,

96,73,43,
94,78,78,73,47,21,
96,74,58,40,
19,
94,90,70,36,
92,34,
40,
98,91,76,71,63,50,13,
96,91,73,71,70,36,
79,74,34,
85,79,23,
99,96,81,79,64,51,43,33,17,14,
93,88,84,78,67,60,57,45,
95,79,63,21,
83,81,67,52,50,
78,75,71,55,50,
92,88,83,71,60,53,
97,93,68,
92,69,45,33,
98,85,72,64,53,
99,83,77,28,
28,
88,76,55,
90,77,67,60,18,
53,
97,84,83,59,40,37,28,20,18,
65,25,
99,96,95,86,79,74,69,69,47,40,15,
93,82,78,70,35,31,
96,46,33,
98,93,91,78,75,41,
95,93,38,34,
93,88,73,38,38,
97,95,67,50,36,24,
84,78,
90,22,
85,76,71,53,
98,89,60,34,28,26,
95,84,77,64,49,
96,91,82,81,80,79,68,
95,87,59,48,37,29,
81,65,
98,91,85,53,17,
91,49,28,
99,88,47,42,38,
81,75,49,38,
80,77,77,48,41,19,
86,48,46,42,41,40,18,16,
88,87,87,64,63,42,21,
78,70,69,62,32,30,
97,94,87,79,66,38,10,
84,71,70,56,29,
93,83,70,56,54,
96,87,82,72,70,61,60,24,
90,86,84,57,47,14,
60,39,23,
88,61,28,
91,91,68,54,
89,76,64,62,60,56,
73,71,47,32,13,
99,99,94,28,
93,85,79,76,69,62,41,16,
99,98,98,90,77,53,
98,95,90,48,45,
87,52,
97,70,65,63,63,62,47,41,
87,84,76,58,54,44,25,
92,84,82,76,68,46,36,
85,30,
92,84,74,64,50,
73,
96,83,79,21,
83,80,76,
98,84,77,74,69,53,19,
85,74,63,41,
97,84,80,72,62,61,16,
81,73,69,62,
97,64,61,58,56,38,
98,90,87,84,78,74,35,18,
98,82,67,63,
89,75,22,16,
95,91,59,57,41,36,
89,74,70,67,66,47,45,24,
69,47,26,
95,71,68,63,
92,52,43,41,
80,52,
91,76,61,
91,88,82,72,63,59,53,16,
98,74,70,66,33,
93,74,39,11,
93,87,61,27,
90,87,82,67,
92,86,81,62,
95,92,79,65,64,33,
98,90,84,79,70,66,28,
94,81,70,69,
94,91,91,89,76,
92,90,87,84,69,60,56,32,18,
98,98,62,
95,93,89,83,57,22,
84,77,71,54,48,10,
93,92,78,73,62,34,
76,71,64,60,37,20,15,
99,93,64,52,45,
99,87,85,79,75,72,68,60,54,30,
86,77,61,54,47,43,
99,98,92,55,48,31,
97,93,81,74,74,71,63,
96,92,89,78,72,69,
92,91,76,70,56,45,45,
95,93,88,86,58,45,
98,90,60,
89,76,53,52,51,
85,48,17,
87,84,77,77,73,
96,96,71,52,38,30,
99,93,89,71,54,13,
68,52,33,
50,49,39,
95,62,52,45,
83,39,34,
90,90,88,74,63,
99,78,68,67,
94,93,74,66,55,42,
99,95,80,75,71,
94,61,
99,95,90,71,40,10,
57,50,
99,90,83,
90,85,23,14,
76,46,35,12,
97,97,88,81,67,61,
95,90,58,50,39,31,
93,88,80,73,70,64,35,20,
90,72,70,51,
99,84,44,
50,50,
96,88,82,61,48,48,40,35,
98,93,87,84,27,
99,97,96,94,92,90,83,74,56,37,15,
95,85,56,37,35,
85,78,33,
99,86,81,74,45,42,27,
56,46,
97,94,94,94,75,22,
96,94,80,73,72,67,65,60,51,25,
92,87,84,62,59,58,49,
46,11,
85,63,42,30,
66,63,41,
94,92,42,31,23,
93,87,83,47,40,38,26,
84,54,43,
82,82,80,75,73,
91,79,
77,67,65,53,
85,59,
95,85,84,80,64,57,51,41,
79,64,34,
75,48,
90,80,78,63,21,
97,83,79,73,69,64,50,
78,
97,66,56,55,
87,87,58,38,
97,76,54,
98,88,86,76,66,64,60,55,54,
93,92,71,64,58,
98,95,92,80,45,
40,
96,83,71,70,61,49,
67,58,52,27,15,
92,90,65,35,35,
81,75,70,46,37,35,
92,87,78,61,56,49,
91,85,64,46,
93,79,64,56,52,48,
93,92,74,49,
95,80,70,24,
99,85,80,75,69,62,38,
73,65,41,38,
60,51,32,
98,95,94,90,83,46,
97,87,79,44,
76,74,59,
99,92,83,55,53,37,14,
88,82,53,35,
96,91,86,73,68,58,43,14,
86,72,64,
80,55,
99,98,90,87,86,76,72,61,58,34,17,
99,94,78,63,27,26,23,
79,77,61,61,56,29,24,
72,68,
67,51,
83,59,57,50,18,
88,86,86,82,79,71,71,53,48,23,
95,89,88,74,31,
88,75,52,45,
91,91,85,85,80,27,18,
99,96,91,55,
95,89,87,57,57,
91,86,80,
96,93,
99,90,79,78,74,57,38,38,
99,63,63,40,31,23,
96,89,81,70,
92,87,84,80,57,30,
96,60,
99,96,96,66,64,48,43,
71,66,62,61,58,25,
78,51,
87,78,67,64,
82,81,71,
38,36,34,
64,62,
98,83,78,67,62,
56,54,
87,84,77,
98,90,29,27,10,
86,78,72,66,55,55,
85,78,77,63,54,42,
80,53,49,
97,97,82,70,
81,78,73,72,71,71,68,65,56,49,30,15,
88,83,81,75,72,72,46,
92,91,68,53,
89,61,50,44,42,
95,81,47,39,
98,84,81,67,46,20,
91,75,75,72,69,60,53,45,39,
97,97,97,94,61,53,38,
89,83,66,56,56,54,46,37,
56,
69,60,39,
97,63,63,24,
99,82,69,
90,40,39,
93,81,76,13,12,
93,80,79,67,56,42,
