99 
34 73 75 79 82 82 
48 55 65 72 83 98 
99 
24 69 77 95 
46 71 73 93 94 99 
36 56 61 76 81 81 
46 51 90 94 98 
60 71 77 
51 54 54 64 69 77 
27 38 46 82 86 93 94 96 
73 76 86 
49 56 67 75 87 89 92 93 99 99 
43 46 89 94 
52 71 71 72 
22 46 52 90 91 
49 77 95 98 
65 78 79 79 84 86 90 96 
34 57 58 83 88 93 95 
70 83 95 97 
3 32 33 57 71 75 91 
29 51 53 66 74 97 
12 36 47 54 58 81 
23 58 86 98 
29 44 55 68 85 86 88 
67 68 98 
11 50 50 76 76 83 
36 69 70 
19 21 59 94 
24 96 99 
35 63 67 94 99 
40 41 89 
41 73 79 80 83 
20 46 85 91 93 
43 76 87 88 91 94 
51 56 65 78 83 99 
26 64 69 
20 39 90 
2 44 62 65 96 
25 48 54 87 90 
31 43 86 93 94 
20 29 30 42 54 67 70 72 98 
27 52 60 69 
49 54 64 81 91 99 
34 69 91 92 
6 14 26 46 69 99 

81 84 91 
25 26 29 30 
57 68 70 80 90 
80 85 

51 62 63 66 69 78 81 98 
35 37 
46 58 59 71 92 
49 74 75 83 87 
54 62 71 85 
56 87 89 91 
33 88 89 99 
55 73 81 
18 30 71 
51 66 72 74 88 89 93 99 
25 55 61 66 72 82 93 94 95 
59 59 62 69 73 75 75 
32 50 55 59 61 
18 27 44 50 55 82 92 
19 25 88 88 89 90 98 99 
49 90 91 
69 81 88 91 92 
32 76 92 92 95 98 
39 43 51 56 69 74 80 85 
49 50 81 
28 54 70 73 
50 61 69 77 

47 51 73 91 
38 62 78 88 
66 78 97 
13 45 59 65 65 81 83 87 90 
39 58 61 65 76 81 99 99 
46 96 
13 54 56 79 79 80 93 95 
17 49 50 57 91 
42 46 51 86 93 
56 75 78 78 
19 20 38 44 60 65 72 99 
18 60 67 75 77 79 84 
54 57 87 
48 68 77 
35 84 
40 61 62 84 
35 45 
3 42 51 88 93 98 
24 26 28 48 53 66 79 86 95 
27 43 45 63 64 81 81 94 
27 61 67 69 86 97 
1 7 24 40 51 98 
29 49 76 83 89 94 96 
34 49 52 87 
23 34 66 86 91 99 
48 92 92 92 93 
41 51 58 64 71 73 79 81 85 94 
36 62 68 81 85 90 94 98 
36 47 48 56 
45 47 48 61 83 
49 58 71 
36 61 78 
7 14 31 36 86 88 90 90 93 
72 
55 58 94 99 
30 45 51 58 
65 
43 62 74 85 87 90 94 
22 26 44 75 91 92 92 95 
44 55 70 84 85 92 94 96 
56 
53 77 81 84 95 
70 90 90 92 
31 57 77 99 
62 
41 60 92 
86 97 
36 
4 33 33 42 55 86 89 89 97 99 
11 66 72 73 76 83 83 
17 41 55 67 89 93 
30 41 54 71 82 87 93 
32 72 77 88 
68 81 88 
28 47 66 77 82 82 
21 84 93 
12 41 55 69 
12 31 60 79 
59 86 91 92 98 
42 48 54 
69 88 92 
11 27 54 61 70 70 82 85 86 95 97 
48 59 75 75 80 84 
60 86 91 91 
50 85 87 89 
54 81 
57 57 
72 88 95 
33 68 84 
70 85 91 93 
48 52 58 64 68 68 79 
66 70 83 86 99 
68 80 87 
48 49 49 82 97 
57 94 94 98 
47 48 79 91 
18 35 51 85 95 
50 67 86 89 92 96 
51 53 74 84 93 
32 37 54 57 78 81 90 
52 79 82 83 
41 49 65 74 76 78 89 
96 96 
47 55 69 70 70 83 90 92 99 
40 67 73 74 78 97 
31 58 66 71 89 90 95 
39 61 67 84 99 
25 29 34 53 63 65 76 89 89 95 
66 84 
37 57 61 82 83 86 89 
38 89 97 
35 75 84 89 
25 35 44 49 82 
17 37 52 66 70 76 77 87 
28 54 71 71 87 91 
45 71 74 88 93 96 
25 26 33 58 59 60 83 85 88 92 97 
17 36 
67 76 89 92 
24 54 55 64 
31 60 65 68 73 82 84 85 88 89 89 93 96 
16 36 69 86 94 
59 63 77 
85 92 98 98 
29 40 44 54 67 67 70 79 
59 74 
65 88 
70 84 99 
45 67 70 
13 21 64 68 77 78 84 
6 19 39 72 88 91 96 98 
56 88 
27 58 98 99 
30 34 43 60 62 63 64 88 
40 52 69 75 88 
64 67 91 91 97 
23 76 
33 46 93 
3 7 42 55 94 98 
72 78 87 91 
32 47 49 59 80 84 
40 49 70 77 95 99 
8 32 49 61 72 
8 50 57 69 79 79 89 93 97 
36 58 80 84 89 94 
53 66 95 
20 
32 63 79 84 94 97 
34 74 98 
24 58 72 74 74 79 
46 56 73 82 86 97 99 
16 32 37 39 49 61 94 
75 94 
64 89 90 
33 40 56 68 95 
43 47 53 90 
14 61 65 84 85 96 99 
43 46 80 83 88 
75 86 92 
16 
52 59 71 74 
47 59 
45 94 94 96 
62 75 83 89 94 99 
47 54 61 80 83 97 98 
46 63 70 80 90 93 
19 63 
41 61 69 71 74 94 96 
62 78 
7 29 60 63 74 80 97 99 
50 52 58 62 69 70 84 87 
37 
46 83 
49 
23 32 52 53 53 96 
44 50 66 71 76 
39 45 64 75 97 
24 25 44 63 78 85 92 
9 90 90 92 93 99 
35 43 45 63 77 
55 66 72 79 
29 31 62 62 67 68 72 85 85 87 88 91 94 
52 53 63 66 71 94 
26 52 67 80 
56 81 88 89 
29 31 95 
60 
46 61 82 88 
52 57 68 68 73 92 98 
42 45 67 76 80 82 82 86 
66 89 
10 56 69 90 
98 
30 32 68 68 76 94 94 
44 92 95 95 
37 82 86 87 
33 73 73 92 95 
29 68 
39 60 78 80 87 87 
46 65 73 96 
61 76 89 96 99 
34 69 90 
78 
43 54 66 94 
22 41 
23 27 33 36 40 41 66 73 85 
58 65 68 72 73 79 83 94 
32 
29 53 75 
37 43 54 89 
19 21 40 48 59 86 
43 46 55 73 80 81 82 89 91 93 
28 29 30 55 70 71 93 
29 70 
32 50 68 70 
21 42 51 65 68 73 80 93 
24 36 46 72 73 77 81 84 98 
24 57 58 67 81 86 94 
24 58 
28 57 82 96 
11 45 55 68 89 91 
75 78 78 
40 71 94 96 
38 45 55 65 66 69 78 92 93 97 
66 
28 52 68 75 82 83 87 
63 81 86 
40 48 60 62 64 78 
37 58 65 68 79 85 
23 53 
51 53 63 72 75 83 91 98 
23 73 87 91 91 93 95 97 98 
10 88 
27 28 41 43 89 
23 26 70 72 92 95 98 
88 88 
46 
15 22 59 64 71 75 93 94 
16 18 95 
19 20 61 70 74 84 
35 38 46 62 68 68 74 88 89 94 95 
43 48 54 81 82 88 93 94 98 
31 45 55 72 75 82 96 
47 58 64 67 85 87 92 
48 60 70 74 75 78 85 
64 70 72 84 86 96 
57 
15 38 49 82 
70 73 79 85 96 
23 31 47 54 60 77 84 88 
16 37 62 64 71 83 86 
35 64 72 75 78 
24 78 
39 49 59 59 61 70 89 95 
87 
55 61 72 89 94 
51 62 82 90 92 
53 64 68 69 70 76 79 82 
25 45 65 81 82 94 97 
7 26 60 80 82 90 94 97 
48 61 76 98 
30 41 89 98 
36 45 97 
33 34 57 63 69 72 
73 73 75 82 
32 44 54 65 68 98 
9 41 51 75 76 76 78 94 97 
77 92 94 94 98 
16 17 81 95 
43 77 95 96 97 
52 63 66 71 86 
26 39 88 96 
55 68 94 
65 99 
29 52 65 66 68 75 87 89 89 95 
37 69 83 88 
42 55 76 81 89 
46 62 67 70 85 85 86 88 94 98 
56 61 73 91 
12 36 50 76 76 79 
43 62 72 74 85 92 97 
9 68 76 
32 39 49 52 77 
48 88 
38 42 70 96 98 
52 55 74 78 82 89 
43 57 84 98 
34 37 42 74 76 78 82 82 93 
42 44 80 
21 47 49 84 90 
12 35 75 87 89 98 
59 88 91 92 95 
32 80 84 96 99 
25 37 39 55 57 65 69 88 94 
39 65 76 82 86 87 88 
47 55 62 71 72 82 82 93 97 98 
15 17 59 67 69 
47 60 
45 80 81 84 98 
65 
32 50 77 
15 28 38 60 98 
25 40 65 85 90 90 
23 71 76 76 78 86 99 
56 61 71 
6 28 35 54 60 70 76 78 83 83 83 
19 40 40 42 50 80 
7 31 32 32 40 56 59 85 96 96 98 
25 77 96 99 
4 12 25 38 77 83 
62 80 84 97 
26 27 68 74 80 82 94 98 
26 35 45 62 65 79 96 
55 71 74 76 95 
53 62 83 84 85 96 98 98 
43 64 78 79 83 94 
40 48 49 56 63 64 65 71 75 75 84 
2 24 59 66 84 89 
43 79 83 87 93 
27 47 53 74 76 86 96 
71 78 93 96 97 
40 52 53 57 87 96 
71 76 81 81 

23 25 30 33 52 53 
24 36 39 80 
16 33 42 53 72 
53 97 98 
12 20 49 51 
50 52 70 71 87 93 
22 72 73 84 88 96 97 
53 65 67 91 
58 79 80 
60 93 95 95 96 
41 44 58 
29 35 49 54 58 76 86 96 96 
30 34 51 69 
51 59 89 99 
31 44 59 83 88 98 
30 33 57 
55 75 82 85 91 97 
97 
48 67 92 
51 53 53 75 82 85 87 92 
53 60 74 
10 31 34 36 50 74 
16 17 70 77 81 
72 96 97 
28 39 43 54 82 
23 43 58 77 77 90 99 
49 49 55 79 83 
4 13 50 51 54 56 66 70 83 
30 68 76 91 
72 79 90 99 
13 46 58 76 81 
27 33 51 58 88 
55 58 78 84 97 
23 27 43 77 84 92 
29 31 73 75 94 
19 44 53 71 81 82 90 97 99 
30 54 64 
66 81 
44 86 98 
77 84 87 92 95 
5 86 92 93 95 
20 85 88 95 
28 34 37 55 63 66 95 
35 72 75 83 
44 59 66 
86 86 89 89 
64 
84 
9 59 62 92 
21 28 47 86 
34 53 61 79 
19 22 24 74 86 87 89 
25 52 56 69 72 92 
75 83 
35 36 37 43 55 76 77 77 99 
62 81 
50 99 
43 48 61 73 79 84 
21 36 41 58 63 66 97 
47 56 74 74 91 92 
11 28 50 57 59 88 99 
15 79 87 94 96 
17 27 44 56 74 85 
60 62 73 
25 44 58 62 71 78 85 
65 85 97 
11 17 31 68 84 97 98 99 
52 74 79 93 
49 75 84 89 97 
34 74 80 87 95 
32 36 38 50 62 73 80 
37 37 40 44 56 84 
11 57 59 85 86 91 
21 51 81 82 86 94 98 99 
8 72 73 76 77 83 
18 25 41 48 91 
55 56 
60 76 89 
62 66 84 93 95 95 
64 73 
24 50 65 73 
44 54 56 
15 22 74 85 86 87 96 97 
60 77 79 94 
55 83 96 
39 82 87 
34 47 82 
81 83 95 
27 45 51 54 62 62 
18 32 56 88 
9 42 44 59 70 76 86 87 90 98 
85 97 
17 80 89 
44 58 59 72 73 77 84 90 
58 60 83 88 90 91 98 
46 64 72 
21 62 68 83 
44 59 68 84 
26 29 52 
63 72 77 78 79 97 
19 35 42 48 69 79 80 81 84 95 97 97 
58 73 82 85 95 98 
39 42 74 
15 41 55 60 69 91 99 
42 54 67 71 71 77 87 
43 45 47 53 74 80 91 
49 62 69 78 79 97 
29 53 58 65 80 86 89 
38 42 67 
43 65 
31 45 49 57 74 77 79 83 
36 43 44 50 87 94 95 
11 21 26 86 93 97 
22 61 65 81 90 
31 58 80 90 96 96 
33 74 
51 62 72 72 73 73 82 
83 
29 88 89 
12 22 37 69 75 75 82 
71 76 
67 81 85 91 91 
28 42 53 96 
57 62 67 74 85 
41 49 96 
17 26 41 77 80 81 88 92 99 
19 28 42 42 47 57 57 72 
65 96 
62 93 93 94 
26 33 51 55 63 68 85 87 94 95 99 
56 65 87 98 
64 66 93 96 
21 77 94 96 
34 44 44 50 68 79 87 87 88 99 
19 68 99 
32 42 95 
50 80 92 
20 57 63 69 77 
37 37 68 78 78 
48 51 52 56 68 75 83 84 89 92 
5 46 51 51 66 81 93 94 
26 39 40 63 65 74 
9 30 37 39 47 50 90 92 
20 53 60 73 91 94 94 
43 57 61 66 66 78 91 
95 
45 51 73 78 93 
20 73 73 86 95 97 99 
59 61 73 77 79 91 
32 67 68 85 96 
33 76 81 82 87 
8 25 60 60 87 92 
22 63 65 75 93 
60 70 74 85 
67 71 92 
65 83 
47 91 
12 36 
30 43 50 58 68 94 
36 38 45 47 65 75 98 
80 83 96 
36 37 44 63 82 83 
10 46 50 58 80 88 95 
81 97 
14 25 63 82 94 
19 33 97 
62 66 88 97 98 
69 75 84 
16 59 65 67 74 85 88 94 
39 53 60 71 93 97 
35 60 93 93 95 99 
30 77 89 90 97 
48 52 77 77 79 82 98 
17 26 39 60 67 68 77 
56 61 75 96 
42 57 72 88 96 
45 65 68 73 77 81 87 92 
21 67 81 88 
85 91 97 
18 67 
6 92 97 
69 72 72 73 74 82 
34 53 67 69 93 
20 33 41 43 61 66 97 99 
58 82 96 
28 74 97 
32 74 87 91 
30 44 69 95 95 99 
75 75 92 
57 65 86 97 97 97 
13 59 66 69 86 
15 34 42 50 59 81 
10 37 39 45 61 75 76 79 81 
36 47 57 64 65 86 94 98 
96 
89 
48 75 82 
38 45 69 76 85 86 90 
42 55 69 77 
50 56 73 79 92 96 
64 67 
6 50 66 86 89 
40 62 67 70 85 
46 83 
37 57 63 66 
72 92 95 95 95 
28 41 72 84 90 
31 33 34 64 88 97 
62 74 78 87 
5 27 39 43 46 54 63 90 97 
54 85 95 
34 62 67 78 89 
96 99 
49 80 81 81 
67 81 94 97 
87 
33 55 75 
36 36 67 75 78 80 88 89 
42 47 79 89 89 
39 42 64 84 99 
16 45 63 77 79 91 92 95 
4 58 61 
35 44 49 55 81 93 96 99 
22 57 77 83 86 98 
18 25 80 84 90 91 
39 80 90 90 95 
60 65 82 93 96 
45 60 70 79 93 99 
83 
39 69 95 
48 59 72 99 
19 64 69 79 82 
51 63 90 
65 
46 67 91 
12 51 55 73 94 99 
24 45 52 56 63 68 69 74 76 
41 74 75 77 90 95 
13 73 76 
23 64 66 84 97 
29 35 44 52 57 77 80 99 
68 68 78 
57 67 79 
40 46 55 65 87 96 97 97 
80 89 94 
14 30 41 53 63 66 71 75 85 
26 67 
20 46 54 73 
20 22 26 38 39 56 67 80 80 90 98 
64 71 77 84 87 
42 64 87 
34 61 89 91 99 
31 65 89 93 93 95 
7 52 98 
30 32 67 
65 76 82 93 
19 64 64 95 
65 69 79 88 92 95 99 
40 88 
21 34 52 78 78 83 86 96 
24 70 
38 49 51 74 86 90 
51 51 52 59 81 82 87 96 
35 53 60 62 75 89 95 
41 59 74 74 82 
52 63 63 82 
56 72 85 89 96 
71 95 
35 47 47 59 77 
49 51 78 93 
45 59 59 75 
26 44 88 91 
52 61 72 76 87 
54 72 90 98 
24 30 38 44 54 60 73 89 
35 44 64 72 85 91 94 
50 78 79 86 90 92 
13 50 65 66 85 92 
8 70 79 81 89 96 96 
57 75 
40 58 93 
33 66 69 90 92 93 
20 40 59 64 71 86 97 
11 40 43 55 78 85 85 
37 47 59 65 93 
50 63 
22 57 63 83 
47 96 98 
38 66 
29 92 94 
40 99 
30 49 58 77 
14 28 72 73 83 90 

52 77 87 90 
27 33 54 62 72 79 82 90 94 
33 39 60 68 72 76 80 98 
20 46 48 92 99 
89 
9 31 42 51 59 68 80 87 89 
13 50 79 83 91 96 97 
27 36 56 82 91 
52 66 72 85 97 98 
22 59 
41 64 89 93 
43 91 
28 48 63 68 73 75 77 83 85 
9 48 58 
15 38 86 88 
55 66 88 
39 69 82 87 90 
5 29 33 
44 44 60 68 80 85 
66 86 91 97 
60 78 82 
29 41 57 
47 48 60 66 84 93 
22 91 98 
38 54 83 86 
35 59 70 94 97 99 
21 58 61 63 74 82 
22 44 63 66 81 
52 71 74 77 81 82 89 
90 
70 86 88 95 99 
21 66 67 80 
42 48 56 58 63 70 71 85 93 96 
16 27 46 
32 68 77 81 83 84 94 
23 54 68 80 83 88 96 
22 31 72 78 85 91 95 97 
49 57 58 71 84 84 90 
10 27 36 45 51 58 67 76 
65 75 91 92 
15 41 50 
47 69 93 
92 98 
37 43 48 59 64 70 78 87 98 
47 57 65 67 76 76 88 91 94 99 
18 42 95 
22 26 69 90 

56 76 81 85 96 
56 88 
32 76 78 79 80 
37 82 86 
37 40 59 80 
47 48 52 61 80 85 90 
31 41 89 99 
23 70 80 92 
68 
31 34 59 63 71 81 91 97 
44 49 64 89 
18 91 
61 61 61 
38 62 72 75 80 94 
35 61 66 80 92 
25 51 55 79 87 93 
84 
32 65 78 86 91 96 98 
31 46 86 95 
14 45 70 73 
39 71 73 95 98 
52 57 76 79 92 94 
38 57 57 60 63 67 92 99 
73 80 88 99 
41 53 84 88 97 98 
62 73 87 
59 69 69 80 90 98 
36 40 83 90 90 
29 43 52 57 79 
14 31 54 62 66 77 77 81 97 
44 47 53 67 74 77 78 
61 64 75 86 86 92 94 
37 66 83 
70 86 86 99 
17 77 86 89 91 93 98 98 
59 76 83 85 88 91 98 
14 70 86 87 
30 48 51 57 75 80 81 

43 73 96 
21 47 73 78 78 94 
40 58 74 96 
19 
36 70 90 94 
34 92 
40 
13 50 63 71 76 91 98 
36 70 71 73 91 96 
34 74 79 
23 79 85 
14 17 33 43 51 64 79 81 96 99 
45 57 60 67 78 84 88 93 
21 63 79 95 
50 52 67 81 83 
50 55 71 75 78 
53 60 71 83 88 92 
68 93 97 
33 45 69 92 
53 64 72 85 98 
28 77 83 99 
28 
55 76 88 
18 60 67 77 90 
53 
18 20 28 37 40 59 83 84 97 
25 65 
15 40 47 69 69 74 79 86 95 96 99 
31 35 70 78 82 93 
8 33 46 96 
41 75 78 91 93 98 
34 38 93 95 
38 38 73 88 93 
24 36 50 67 95 97 
78 84 
22 90 
53 71 76 85 
26 28 34 60 89 98 
49 64 77 84 95 
68 79 80 81 82 91 96 
29 37 48 59 87 95 
65 81 
17 53 85 91 98 
28 49 91 
38 42 47 88 99 
38 49 75 81 
19 41 48 77 77 80 
16 18 40 41 42 46 48 86 
21 42 63 64 87 87 88 
30 32 62 69 70 78 
10 38 66 79 87 94 97 
29 56 70 71 84 
54 56 70 83 93 
24 60 61 70 72 82 87 96 
14 47 57 84 86 90 
23 39 60 
28 61 88 
54 68 91 91 
56 60 62 64 76 89 
13 32 47 71 73 
28 94 99 99 
16 41 62 69 76 79 85 93 
53 77 90 98 98 99 
45 48 90 95 98 
52 87 
41 47 62 63 63 65 70 97 
5 25 44 54 58 76 84 87 
36 46 68 76 82 84 92 
30 85 
50 64 74 84 92 
73 
21 79 83 96 
76 80 83 
19 53 69 74 77 84 98 
41 63 74 85 
16 61 62 72 80 84 97 
62 69 73 81 
38 56 58 61 64 97 
18 35 74 78 84 87 90 98 
63 67 82 98 
16 22 75 89 
36 41 57 59 91 95 
24 45 47 66 67 70 74 89 
26 47 69 
63 68 71 95 
41 43 52 92 
52 80 
61 76 91 
16 53 59 63 72 82 88 91 
33 66 70 74 98 
11 39 74 93 
27 61 87 93 
67 82 87 90 
62 81 86 92 
33 64 65 79 92 95 
28 66 70 79 84 90 98 
69 70 81 94 
76 89 91 91 94 
18 32 56 60 69 84 87 90 92 
62 98 98 
22 57 83 89 93 95 
10 48 54 71 77 84 
8 34 62 73 78 92 93 
15 20 37 60 64 71 76 
45 52 64 93 99 
30 54 60 68 72 75 79 85 87 99 
43 47 54 61 77 86 
31 48 55 92 98 99 
63 71 74 74 81 93 97 
69 72 78 89 92 96 
45 45 56 70 76 91 92 
45 58 86 88 93 95 
60 90 98 
51 52 53 76 89 
17 48 85 
73 77 77 84 87 
30 38 52 71 96 96 
13 54 71 89 93 99 
33 52 68 
39 49 50 
45 52 62 95 
34 39 83 
63 74 88 90 90 
67 68 78 99 
42 55 66 74 93 94 
71 75 80 95 99 
61 94 
10 40 71 90 95 99 
50 57 
83 90 99 
14 23 85 90 
12 35 46 76 
61 67 81 88 97 97 
31 39 50 58 90 95 
20 35 64 70 73 80 88 93 
51 70 72 90 
44 84 99 
50 50 
35 40 48 48 61 82 88 96 
27 84 87 93 98 
15 37 56 74 83 90 92 94 96 97 99 
35 37 56 85 95 
33 78 85 
27 42 45 74 81 86 99 
46 56 
22 75 94 94 94 97 
25 51 60 65 67 72 73 80 94 96 
49 58 59 62 84 87 92 
11 46 
30 42 63 85 
41 63 66 
23 31 42 92 94 
26 38 40 47 83 87 93 
43 54 84 
73 75 80 82 82 
79 91 
53 65 67 77 
59 85 
41 51 57 64 80 84 85 95 
34 64 79 
48 75 
21 63 78 80 90 
50 64 69 73 79 83 97 
78 
55 56 66 97 
38 58 87 87 
54 76 97 
54 55 60 64 66 76 86 88 98 
58 64 71 92 93 
45 80 92 95 98 
40 
49 61 70 71 83 96 
15 27 52 58 67 
35 35 65 90 92 
35 37 46 70 75 81 
49 56 61 78 87 92 
46 64 85 91 
48 52 56 64 79 93 
49 74 92 93 
24 70 80 95 
38 62 69 75 80 85 99 
38 41 65 73 
32 51 60 
46 83 90 94 95 98 
44 79 87 97 
59 74 76 
14 37 53 55 83 92 99 
35 53 82 88 
14 43 58 68 73 86 91 96 
64 72 86 
55 80 
17 34 58 61 72 76 86 87 90 98 99 
9 23 26 27 63 78 94 99 
24 29 56 61 61 77 79 
68 72 
51 67 
18 50 57 59 83 
23 48 53 71 71 79 82 86 86 88 
31 74 88 89 95 
45 52 75 88 
18 27 80 85 85 91 91 
55 91 96 99 
57 57 87 89 95 
80 86 91 
93 96 
38 38 57 74 78 79 90 99 
23 31 40 63 63 99 
70 81 89 96 
30 57 80 84 87 92 
8 60 96 
43 48 64 66 96 96 99 
25 58 61 62 66 71 
51 78 
64 67 78 87 
71 81 82 
34 36 38 
62 64 
62 67 78 83 98 
54 56 
77 84 87 
10 27 29 90 98 
55 55 66 72 78 86 
42 54 63 77 78 85 
49 53 80 
70 82 97 97 
15 30 49 56 65 68 71 71 72 73 78 81 
6 46 72 72 75 81 83 88 
53 68 91 92 
42 44 50 61 89 
39 47 81 95 
20 46 67 81 84 98 
39 45 53 60 69 72 75 75 91 
38 53 61 94 97 97 97 
37 46 54 56 56 66 83 89 
56 
39 60 69 
24 63 63 97 
69 82 99 
39 40 90 
12 13 76 81 93 
42 56 67 79 80 93 